0 6.00475316453
1 6.39095536774
2 6.64566734678
3 6.90601987863
4 7.15558876816
5 7.38732276851
6 7.59177464518
7 7.75846074714
8 7.88991316342
9 7.99174316431
10 8.05623581305
11 8.07751912038
12 8.07539058801
13 8.05970965056
14 7.98902234522
15 7.98681950326
16 7.99046627391
17 7.95694055532
18 7.89395203217
19 7.77467906046
20 7.88765232522
21 7.96189865044
22 7.98849710729
23 7.97408928425
24 7.91865121504
25 7.81428045589
26 7.66450154732
27 7.51681704756
28 7.41197094913
29 7.58814713292
30 7.7470806574
31 7.86966722521
32 7.9479011959
33 7.98164225063
34 7.9743816758
35 7.90899967555
36 7.90663729238
37 7.98055345772
38 8.01866069378
39 8.00339455675
40 8.03015385876
41 7.9759815823
42 7.88391488429
43 7.74372130302
44 7.56586204795
45 7.35223304763
46 7.11723583849
47 6.87268008427
48 6.62446444928
49 6.87320680065
50 7.11077573666
51 7.34133150988
52 7.55662546022
53 7.74246410143
54 7.88496652681
55 7.98013868842
56 8.04909215178
57 8.03672980349
58 8.05360383386
59 8.01327559895
60 7.93297765098
61 7.92460797174
62 7.99126329204
63 8.01077472275
64 7.98074600908
65 7.90813859426
66 7.78132689368
67 7.61874030512
68 7.44246940033
69 7.48422669057
70 7.65732330442
71 7.81692986952
72 7.94199587736
73 7.9990644701
74 8.01796002655
75 8.00309423501
76 7.91319819013
77 7.79625451325
78 7.88671155702
79 7.97932542921
80 8.03627370182
81 8.02848200885
82 8.02085921214
83 8.07961299787
84 8.0905376892
85 8.09129543503
86 8.08569005151
87 8.0378333486
88 7.94813420455
89 7.80347623347
90 7.6185628564
91 7.40171492415
92 7.15982257676
93 6.90083549892
94 6.63238933996
95 6.36085423342
96 6.09091143822
97 6.37959019025
98 6.63849574156
99 6.89791566698
100 7.14763506307
101 7.38235116911
102 7.59593644665
103 7.78008827937
104 7.92573614521
105 8.0181218121
106 8.07461476204
107 8.07556447679
108 8.09673130629
109 8.06364461158
110 8.03683372086
111 8.05778862197
112 8.03008557975
113 7.96326880152
114 7.92010431115
115 8.01989927497
116 8.08290628555
117 8.08493633391
118 8.02262668413
119 7.91544230716
120 7.78503938238
121 7.64553506546
122 7.70107182369
123 7.84027647946
124 7.9757061856
125 8.10506900953
126 8.22565635633
127 8.33398432486
128 8.42496453244
129 8.44545875697
130 8.35129124197
131 8.23297602678
132 8.09046914256
133 7.94746424055
134 7.78808093668
135 7.62105825426
136 7.44844296487
137 7.27204814597
138 7.09354912032
139 7.24932444044
140 7.4260794473
141 7.59927498736
142 7.76712024661
143 7.9276050212
144 8.0783626395
145 8.21643616548
146 8.33780952195
147 8.43620306301
148 8.49749928116
149 8.5
150 8.5
151 8.5
152 8.5
153 8.5
154 8.5
155 8.5
156 8.5
157 8.5
158 8.5
159 8.5
160 8.5
161 8.5
162 8.5
163 8.5
164 8.5
165 8.5
166 8.5
167 8.5
168 8.46645880043
169 8.38169106427
170 8.27013365889
171 8.13925228263
172 7.98353132784
173 7.83539795701
174 7.66767656934
175 7.45948131773
176 7.31000510338
177 7.07741316746
178 6.93221503922
179 6.73883995083
180 6.54396263937
181 6.73883995085
182 6.93221503922
183 7.12298803631
184 7.31000510339
185 7.49202509186
186 7.66767656934
187 7.83539795701
188 7.99334718335
189 8.13925228263
190 8.2701336589
191 8.38169106427
192 8.46645880044
193 8.5
194 8.5
195 8.5
196 8.5
197 8.5
198 8.5
199 8.5
200 8.5
201 8.5
202 8.5
203 8.5
204 8.5
205 8.5
206 8.5
207 8.5
208 8.5
209 8.5
210 8.5
211 8.5
212 8.5
213 8.5
214 8.5
215 8.5
216 8.5
217 8.5
218 8.47178756051
219 8.38769780297
220 8.27538065861
221 8.14335399485
222 7.99643858484
223 7.83797234356
224 7.67051731344
225 7.49617640256
226 7.31676455892
227 7.1339145832
228 6.9491505465
229 7.12502788637
230 7.30800464324
231 7.48761883
232 7.66224440259
233 7.83007728671
234 7.98903168449
235 8.13657330333
236 8.26941301649
237 8.38283070984
238 8.46860741558
239 8.5
240 8.5
241 8.5
242 8.5
243 8.5
244 8.5
245 8.5
246 8.5
247 8.5
248 8.5
249 8.5
250 8.5
251 8.5
252 8.5
253 8.5
254 8.5
255 8.5
256 8.5
257 8.5
258 8.5
259 8.5
260 8.5
261 8.5
262 8.5
263 8.5
264 8.46892691009
265 8.38539748304
266 8.27467067558
267 8.14441727866
268 7.99900890451
269 7.84146038364
270 7.67406415394
271 7.49867533089
272 7.31686426551
273 7.13000845145
274 6.93935323202
275 6.74605525598
276 6.55121609412
277 6.73217045942
278 6.89369617363
279 7.07974759353
280 7.26735966409
281 7.48587902316
282 7.63360343222
283 7.82980103187
284 7.98812295417
285 8.12517172768
286 8.26594746953
287 8.37652486786
288 8.46414905322
289 8.5
290 8.5
291 8.5
292 8.5
293 8.5
294 8.5
295 8.5
296 8.5
297 8.5
298 8.5
299 8.5
300 8.5
301 8.5
302 8.5
303 8.5
304 8.5
305 8.5
306 8.5
307 8.5
308 8.4983329283
309 8.43871109543
310 8.33792209417
311 8.2203658301
312 8.07495257567
313 7.92021495988
314 7.77207360156
315 7.60441636987
316 7.43135135845
317 7.25467444732
318 7.08794180277
319 7.26648559445
320 7.44297531044
321 7.61573875981
322 7.78296849414
323 7.92562720734
324 8.08097584141
325 8.22896328482
326 8.34561794314
327 8.4429819691
328 8.42304043642
329 8.33347889376
330 8.22510346617
331 8.09845964479
332 7.97509859987
333 7.83966463688
334 7.67700794971
335 7.61920541707
336 7.78607836312
337 7.91635020098
338 8.02326616254
339 8.07538392601
340 8.082551447
341 8.01983412808
342 7.91920317116
343 7.96261850928
344 8.02159707232
345 8.05823546891
346 8.03730264871
347 8.06348536646
348 8.09838597124
349 8.07177974507
350 8.06306582107
351 7.99126571618
352 7.8919933917
353 7.75889509108
354 7.59269596886
355 7.38505552449
356 7.14562881008
357 6.88567817763
358 6.61442905175
359 6.33997574765
