38.70969956
38.70969956
24.40966444
23.80976113
23.59586201
25.66110574
23.94703762
23.8360378
28.88588223
23.81765003
23.48895811
23.76610975
23.82158961
26.45756107
29.43937201
29.98211903
23.84237794
29.65723178
24.83182677
24.94823498
23.85614682
23.63309192
23.80536804
28.35382014
30.79794306
24.71013258
23.47384937
23.60198723
24.01168952
23.72670826
24.83404419
23.64198888
23.93494847
23.73081558
23.68166536
24.06983792
25.01582292
23.85799496
23.87514971
23.72334591
23.75476094
23.70019503
23.61823727
27.080203
23.5806807
27.89749262
23.45121192
29.98438844
23.49423389
24.13749576
27.98432341
26.50389482
23.55059274
23.58938666
28.76663098
23.50673177
30.49338425
27.34182285
23.6973437
25.55688723
23.46470286
27.38662958
23.63175268
23.68952367
27.06362064
23.6139413
23.5270522
23.78201234
28.9830329
26.65824771
23.68538233
23.82698063
23.52630237
23.51581951
24.25663072
26.13046579
31.30962573
23.57872758
23.70386288
23.74346151
24.38417786
23.6057982
23.50525412
23.56385604
30.21810946
25.23931351
27.64043153
23.6509679
28.25326943
23.69826073
26.04121293
24.41867355
23.40227214
23.66438437
28.08848325
23.6059999
28.08136653
23.38657203
23.58927428
23.91815365
23.44855825
24.87301744
25.37384404
24.15265536
29.16554241
23.49899247
23.67476892
23.55644765
23.63641804
27.13994954
24.34445761
26.30350904
23.57642105
23.53916542
23.58168786
23.51541387
23.65681314
28.19556305
23.63660309
30.41885226
23.53497869
27.20765164
23.4265809
23.764161
23.36144801
23.88830536
23.49849035
23.75573797
29.18025322
26.38877624
23.44126207
23.66996698
30.57552567
23.74517229
23.428246
23.4799845
23.88612188
23.7772329
25.08257766
27.73885025
23.42455004
23.606337
30.84580289
23.51196866
28.67003629
27.79653312
24.9994425
23.49533204
27.76364417
24.69957956
23.68928874
23.67018939
24.73972784
23.46743295
23.71472536
23.55903874
23.44985757
24.23977563
23.49882374
23.47881292
23.53520586
28.68820573
23.51460698
23.73574894
24.21475576
25.36225168
24.51861459
23.71956039
23.88474786
23.57188554
23.42788626
29.49972283
23.36832701
23.30606354
23.59572508
26.93578905
23.71041315
23.59595268
23.56304801
23.49997104
30.50396174
29.74792731
29.75042175
23.47278662
27.4016217
30.89424172
25.96895388
24.32366468
23.59886409
23.61220237
23.85213533
26.34971344
27.19419477
28.43289428
23.52686146
23.53542411
26.77177559
25.99968568
23.49813873
23.44178311
24.14166888
23.56132534
23.58611987
26.35706384
24.03893674
23.81092603
23.44715182
23.58191362
23.43442996
23.42617485
27.68132674
23.75553862
28.20084769
23.95732252
23.53163036
23.44759707
23.60753754
26.81762234
25.81863197
28.82826014
29.90150938
25.73967197
23.34673158
23.37111565
28.0334961
23.47461007
28.42287289
23.5843087
23.41684741
23.54967896
23.64265633
23.6520816
23.55066121
27.07009361
23.55836648
23.63601064
23.39462335
23.52794627
23.55914477
23.35872087
23.62353874
23.5751634
23.5864031
24.05319779
23.36585437
23.43929617
31.21287647
29.35223078
29.7598293
28.40720778
29.15802763
23.54808465
23.45642605
23.7305143
23.51117108
23.54784281
23.6118412
23.54898545
26.98659234
28.46047976
23.562159
23.50080805
23.37167861
23.38909559
23.25252963
27.48478275
23.53760914
23.48831374
26.70712762
23.46684791
23.39868489
26.36638481
23.71274436
30.75015883
23.55848524
23.69770882
23.42527769
27.0273231
26.13790925
26.62091756
27.301082
23.49807803
26.38912098
27.84607151
23.43560005
23.35810858
23.48083349
25.8296136
23.53471379
25.52144805
30.63559272
31.18535588
23.36912261
23.82569389
24.04389447
23.52998198
31.79774053
23.44714255
33.51583197
28.94062261
23.60090023
23.52811947
23.38360679
30.2870188
23.4557135
23.91471216
25.29766533
26.94714782
32.21715066
27.9300713
29.69356997
26.23356757
28.38311134
29.26149494
27.16343229
23.7496814
26.0810719
34.98880654
25.78655633
25.47762718
31.65292274
31.4924037
24.74074866
25.28460579
25.75979325
31.01717886
34.11452664
28.1048436
23.37735636
29.31696252
35.13421576
23.53271564
32.55812151
27.75411033
23.52690049
34.08591273
30.27234281
28.38586765
24.73817966
23.91149568
31.6555205
23.82616198
23.34865032
23.52242556
24.94733324
26.62088275
28.52472232
26.97940937
23.34935706
28.43464288
25.00938455
28.90575432
23.67085603
26.59720451
23.72714432
23.57977575
29.53300723
25.95006912
23.33897731
26.07062096
23.40085846
28.53450714
23.76633484
23.28261253
23.3296884
30.65149103
23.42247223
24.84608093
34.07541635
26.21958822
32.80341434
28.03370188
23.29667382
27.45795716
29.31442443
29.66955949
24.14256289
28.65916462
23.56887521
30.10956596
30.74675352
23.48963576
24.93591288
23.43748269
27.97078895
32.1585075
25.75443107
47.60325151
23.42847747
23.36601849
23.44536041
23.35389068
23.40705953
33.97989343
23.56279419
23.75568316
23.64600059
24.12745241
33.56414099
26.6304432
23.40039263
23.50506504
23.61037855
28.86989915
25.66850477
23.39118385
23.70013276
23.31774009
23.37576521
25.4508195
28.89071297
23.38444704
23.35462582
25.98585884
30.54145813
23.54347116
23.56266668
25.62334666
29.28025928
30.13303386
27.88665181
23.41589054
25.32799868
27.21042073
24.33966849
27.86666142
23.44352309
23.39479754
24.79860736
23.40166233
24.64289941
29.81564212
23.29041748
30.04569649
23.52448631
24.67822602
26.2482887
23.39351425
30.7851014
23.28757361
24.96803868
23.48764762
27.59090692
27.19114378
23.23358548
24.24403323
23.33918952
23.31050311
26.33548327
27.38910135
25.93002553
26.37045954
23.30226632
23.66937331
27.11866926
24.36906022
29.81624597
23.43472659
23.24822058
25.66939244
23.5769409
23.35729465
24.03885871
23.48063115
31.38113693
24.32146569
32.06753637
23.4302121
23.2921144
23.47661981
27.26775367
29.72507628
28.21117219
23.54963482
28.79963046
23.68270178
23.35488428
26.35423281
23.27560317
23.36665494
28.73316039
23.52198664
23.71131813
32.78534332
24.05601084
23.26961222
23.40942564
25.18507258
23.59604222
23.2939638
23.25851354
29.02255253
23.28942238
31.41601097
23.52559367
23.3049252
23.79795558
27.87546751
23.6800484
23.29833745
32.12275695
23.39556755
23.28108039
23.28823031
28.89380871
27.78856813
25.20791699
28.66887317
23.25807958
27.3144206
23.29322228
29.48321314
29.45988562
30.16711518
24.18254172
23.68714678
24.58250652
23.22910503
25.47972041
23.2671815
23.45277278
28.65544789
23.9437985
34.07847186
24.22941382
23.24112945
23.47600007
23.26948052
28.45799223
28.49121904
23.24231182
29.22731067
28.32638444
30.05715985
23.43679413
26.54750949
23.43381834
27.3036704
24.78694787
28.21107321
28.39850691
27.9686038
23.38558869
25.10350032
33.83008454
31.25767118
23.66320311
29.62622891
23.24577145
26.12986416
26.01925771
23.32701345
27.20283156
26.74725188
27.99994511
23.47296213
25.98562062
29.69091446
28.34436898
28.7873558
23.44442227
28.28693928
29.98134639
36.047551
23.3704384
26.07323087
23.55681017
28.93363829
28.84565599
23.62539815
27.62308658
30.917041
23.98376612
25.41650777
23.39334704
23.28453376
23.85108098
25.23322607
23.62458811
25.47243586
23.36972396
27.54003732
23.35880606
23.3741413
28.36971311
32.84004989
26.07072558
27.27439124
23.28225855
25.1479042
23.26624395
30.82287464
23.29583644
30.16831919
23.81358795
23.41698107
23.28506009
23.80435061
24.18536185
23.26250016
23.36457399
25.05628062
23.51398345
27.9612319
28.84642238
23.23072566
23.35340144
23.24215886
23.59352409
23.92897318
23.74495096
24.68247015
23.29234282
28.7823481
23.34309304
27.99584529
23.41850372
23.28903554
23.28894743
23.27843814
23.25413956
27.9004732
23.29834189
31.13520445
25.64621439
26.8525012
23.23355039
23.54460847
23.24608848
33.04630867
23.33292509
29.96221797
26.60433569
30.37025354
23.36780214
23.3969101
23.27384998
23.63910493
23.23018858
23.25180315
25.50973513
29.89251412
30.82528892
23.23944998
29.1050838
23.24412286
23.4579434
23.2714523
23.37900429
26.35267561
23.24408918
23.25013968
23.29588856
29.1241605
29.53768525
25.26585671
23.36926997
23.32733208
23.29155384
23.31613145
23.24538538
23.4072619
23.28290589
23.31679255
23.28115819
23.53240825
24.28060878
23.22909151
23.24914986
32.78345749
26.0858037
23.44924056
26.67423939
27.87395538
23.31238792
23.26322845
26.27980005
23.59241325
23.23286578
23.24142757
23.36202592
29.15842728
24.34700209
23.21500324
24.33694775
23.22801384
23.37102222
23.23475839
23.39004007
28.6854302
25.19408569
23.2462137
23.27688554
29.52131926
23.34473802
25.92372213
23.25484185
23.32198652
23.24223063
23.30234186
23.23703777
28.60019855
23.23903697
23.33399014
23.32321796
23.29817279
23.32848886
32.67562813
23.2264015
23.30360285
23.92672384
29.62553604
23.30127022
30.08145669
23.24300329
23.23741697
25.18917621
28.27603623
24.61250981
23.22971406
23.40729008
28.13356681
23.48556119
31.34830591
23.42264028
23.21542296
23.39266119
23.23120177
23.33887954
23.24374551
23.24594821
23.21769025
23.28564112
26.95984461
23.45786387
23.2469249
23.23675438
23.43631779
23.21885319
30.175733
23.238446
23.29180989
23.25911104
23.29451957
23.2579753
23.2315487
24.15290002
29.41989239
23.2506262
23.29808011
23.37886845
26.72544488
24.43874729
23.27999851
23.26926912
27.09705702
23.29545046
29.73016632
23.24305188
23.22863622
28.85962923
25.0038349
29.55883311
30.23499693
23.48991996
23.21739817
23.3207795
23.23890455
23.27985218
23.27152921
23.23116213
23.22636721
24.05683252
23.30236489
23.46354143
25.81812743
23.23869373
23.25276141
23.23418216
23.28166289
23.22139708
23.30763039
23.25521224
29.79204953
23.23756648
23.27856059
23.22548949
46.85456032
23.25626707
24.94863345
23.38061972
23.66194645
23.56743226
23.38711376
23.25527227
25.04986173
23.26984255
27.10361119
23.23397733
23.21273975
26.84510438
23.29693509
23.45914018
28.93567727
23.31529088
23.21645845
23.32007466
23.22097715
28.98141423
23.27494919
23.22520773
23.23229838
24.0665357
23.25553685
23.31790592
23.24212072
23.30791454
23.25935395
23.2467152
23.72692325
23.23260059
23.23358837
23.24145316
23.25633456
23.23244917
23.2303684
23.22612256
35.51739723
23.23254372
23.23850386
23.27986089
26.29557165
23.25426012
23.26966576
23.21759118
23.23497985
23.23650737
26.93044067
23.23304236
23.56749961
29.63049675
23.28020589
23.49981385
23.34010055
30.36232545
23.21617861
23.27781495
23.20892643
23.32146858
28.89985054
23.22947917
23.23961576
23.28785353
23.24527884
23.23735865
23.24207819
23.23755765
23.23603588
23.21636752
23.86159808
23.21833086
29.91638192
23.21157559
23.2471719
23.23588422
23.23364786
24.99903653
25.08653585
23.22600175
23.30432585
23.23989249
24.1425604
23.2449724
23.23782775
23.2415372
26.90928841
28.91656708
23.52017505
23.23601894
23.81033601
27.77368349
23.24443695
29.88625249
28.56707381
23.27897837
23.22608981
28.31285812
27.09664912
23.277452
23.25881565
23.21507313
23.22720949
23.2759846
23.24100481
29.25614983
23.2327311
23.23791271
23.24799486
23.24677893
25.88040279
23.23889852
24.3285762
23.22496244
23.26737103
23.22751071
23.22222576
23.95662263
23.34190204
23.22066631
23.23630786
24.36522213
23.23729396
23.24420263
23.22880471
23.24592616
24.13932667
24.94584737
23.50595319
23.24684942
48.20155425
23.25875984
23.66592506
23.896211
24.54560848
23.29379485
23.21117516
23.23465471
24.60881697
23.21152085
27.22358498
23.22107287
23.21923288
23.24115171
23.23732398
29.09307859
23.23449957
23.24236955
23.23447768
23.23268909
23.46955266
23.23604278
27.47570632
23.23521138
24.20727353
23.23377561
23.23782994
25.874065
23.29999824
23.21041013
23.2124218
23.22261935
23.23849654
23.21815114
23.57509914
23.22712377
23.24759912
24.19333939
29.01718448
23.23467111
44.61235085
24.72962102
23.29959985
23.41555317
23.34231044
23.25322975
23.2097189
23.23894115
27.2703295
30.37136336
23.25475536
23.22577721
23.23094354
23.27435157
23.33780837
23.2371326
23.22072625
23.23989458
23.22929389
23.21222288
23.27374284
23.21946218
23.26244458
23.21663005
28.20368134
23.22885722
23.24000204
23.22527438
23.23789889
23.22081001
23.21765865
23.24081452
23.22383101
23.21930139
23.22627056
23.22837584
23.24884199
23.25087519
23.37534991
23.23070732
27.34958449
23.23514458
23.3006704
25.48140013
23.30921754
26.46747174
23.20674536
23.25017242
23.43239989
27.08378129
23.24784037
23.21242664
23.23694558
23.49260816
23.23214441
23.26675279
23.22355691
23.23856403
23.22682613
23.22729249
23.27595782
23.23130484
24.43619811
23.22083941
23.23898359
23.22469564
23.21130348
28.72661903
29.1230277
23.23549095
23.23306523
23.23463897
23.22536384
23.2155975
23.2159698
23.22778833
23.25052217
23.255071
23.33259124
23.22721646
26.17021986
23.22689225
23.25597539
27.68913031
23.32373566
23.22400464
29.2722673
23.23228371
23.49723981
24.60210683
23.25440459
23.21190901
23.21996229
23.23940969
23.20849988
23.23838087
23.20647471
23.23520773
23.20743099
23.21891601
23.25259957
23.2192202
23.96231886
23.21205149
23.23738862
23.20842948
23.21593123
23.21722981
23.2290945
23.21924467
23.23785377
23.22357221
23.22085181
23.20648424
23.21410606
23.22308828
23.21546328
23.22705327
23.29613259
23.21917677
24.40733467
23.21346057
23.49886009
30.09351703
23.31062118
23.23560717
29.25490367
23.22348546
23.69626684
23.7963555
23.23324822
23.21303496
23.21409982
23.21796517
23.22111019
23.20281642
30.89763766
23.20730598
23.22131716
23.21451717
23.22568146
23.21868057
27.72323282
23.22054366
23.22175782
23.37653953
23.22000276
23.22677063
23.2379449
23.21984881
23.22180902
23.22734641
23.20952917
23.21891165
23.22637887
23.21954857
23.22442742
26.43608423
23.24786089
23.32368764
23.29630714
23.20551586
23.29838592
26.11917471
23.3137318
23.35939078
24.87465728
25.79389587
23.66070707
23.20513421
23.23028459
23.20485852
23.67354419
23.22197274
23.64685187
23.35391661
23.59989822
24.86425256
23.22341616
23.20941042
23.21030598
23.21259575
23.24598311
23.22437628
23.20386541
23.3355756
23.22014112
23.20616483
25.65805685
23.22722952
23.48674911
23.20689298
23.23318208
23.23483361
23.28303304
23.23568793
23.22184676
23.24191913
29.13134446
23.20355429
27.07626397
23.20149243
23.27248547
23.4753826
23.26167479
23.23042171
23.43967428
23.23033921
23.50423469
23.20898399
23.33211059
23.69729204
23.20341964
23.27156968
23.36857874
32.5148915
27.81340293
23.23737077
23.22408296
23.21293942
23.21702527
23.40054419
31.58824911
23.22645326
24.46083448
23.21835347
23.33663959
25.10544442
27.51148195
23.32662595
23.2060855
23.20283331
23.62372586
23.22352331
23.9776872
23.21693176
23.22179457
23.23494534
23.23025127
23.20218429
23.2488909
23.95210333
23.29437869
23.30140409
23.2668694
23.22698446
23.3502276
23.23272458
23.38678906
23.20303382
23.20330151
23.20437575
23.21840316
25.55885107
23.39567095
30.15064789
23.3943524
23.21411369
23.34803666
23.21391519
23.21324503
23.22274847
23.25590571
23.20935038
23.65406706
23.21051147
24.01179761
23.21792309
23.21730474
23.22055952
23.20925461
23.21710457
23.20696875
23.21775125
23.24109325
23.21600425
23.21812606
23.86667682
23.25717209
23.19971571
23.30290915
27.99132039
23.32949732
23.22487339
24.79503437
23.22305007
26.95165389
23.24298027
30.6484014
23.30711009
23.21962669
23.2039396
23.23340415
26.61320735
23.35689549
23.46970797
24.01680759
23.21368777
24.18305924
23.20778987
23.22935237
23.20305253
28.26213789
23.59102761
23.20284956
23.22843849
23.34721938
23.2211313
23.22162272
23.20589017
23.20675118
23.21470277
23.29792266
23.60615656
23.23060235
23.23238611
23.21738216
26.39056335
23.23319436
23.61617484
23.29301006
27.2327046
23.25121664
26.46815887
23.2483365
23.21642159
23.27215746
23.1992579
23.29629087
23.20014857
23.31712155
23.21921286
23.20120904
23.21472757
23.26906451
30.5289852
23.24390198
23.21103972
24.00986254
23.2304054
23.2148977
23.23353744
30.07487904
24.2946224
23.20291947
23.20603274
23.22787783
23.20208639
23.36788011
23.36675816
23.21913176
23.21482799
23.20608836
23.20181861
23.23663976
23.20238002
23.2078057
23.23375836
23.209655
41.58102124
23.253343
27.25400718
23.24707612
24.09379419
23.23771368
23.5788775
23.29259671
23.45031226
23.27717909
23.201343
23.27234249
23.21558278
23.20036112
23.23016657
23.21322677
30.77560136
23.36293071
23.22195992
23.60547094
23.22793648
23.21462569
23.23371203
30.52669481
23.21248804
23.54713428
23.21525256
23.22995596
23.20243828
24.9796241
24.50708451
23.20195444
23.80889236
23.20455626
23.20260989
23.24262017
23.20285539
23.23385904
23.23635526
26.24933029
28.97906404
25.44501878
24.27512446
23.78377113
23.24546131
23.2198623
23.20655966
23.23924346
23.62350542
24.11449656
23.20077123
23.23232871
23.44104137
23.25424806
23.24005512
23.2150647
23.82426787
24.55202813
23.21774071
23.21970494
23.21762356
23.21476043
23.33081792
27.09801943
23.20984101
23.55448921
23.20842734
23.24223106
23.20010533
23.2378622
23.49806101
23.45893551
23.74550472
23.23175549
23.19974537
23.22845835
23.2003677
23.24693783
23.23622713
23.51028461
23.41983292
23.22762595
29.67248964
23.23053527
23.86064363
23.43720377
23.2103971
23.23562723
41.34980105
27.1356986
23.34932477
23.20015227
23.22013084
23.20295304
24.33772506
23.21400809
27.09513879
23.61272284
23.22377527
23.2027503
23.20609743
23.21191664
23.20236202
24.01836323
24.03453905
23.21476102
23.22605466
23.22988826
23.24345189
23.21596112
23.21921068
23.20155014
23.1996948
23.20430909
23.50334986
23.22402284
23.21503569
23.20942556
23.23393799
23.22574472
28.28730499
23.2339513
23.86917672
23.22368594
24.60020651
23.23003049
23.22002697
23.45320788
29.37141628
23.3161574
23.41292153
23.23378565
23.2180031
23.59251849
23.21012002
23.29610654
30.93872802
23.49601003
23.21410031
23.21608705
23.23187387
23.29611995
23.20283659
23.89756305
23.76015721
23.2271274
23.91287279
23.22936489
23.28011329
23.38739558
23.24033325
23.21675137
23.20520942
23.20487691
23.2024498
23.23444972
23.2017156
23.20858371
23.50552918
23.21598354
27.2054532
23.30443748
25.09166466
23.23091444
24.78924892
23.23240852
23.23127404
24.12505105
26.01328364
23.29170161
23.37707389
23.3202037
23.21503223
24.01593018
23.21286272
23.33792869
28.40876627
23.39363851
23.22286397
23.31011062
23.24354415
23.34555795
23.21732847
26.41113085
23.32485104
23.22653887
24.71824876
23.22961268
23.37766713
23.66814875
23.24107952
23.232182
23.20328405
23.20471135
23.20426151
23.75576949
23.20281382
23.20204706
23.42710759
24.19290613
26.18164383
24.05671074
23.61466944
23.23006043
23.34542876
23.21834615
23.23120851
23.28276985
25.96149782
23.27741769
23.26113785
23.23011005
23.24302163
23.31362474
23.23128195
23.25618345
25.09670377
25.41203167
23.21474057
23.20412194
23.24371767
23.287735
23.20296464
23.20298775
23.21643368
23.20775602
23.20277115
23.20127098
23.20046624
23.21691516
23.27947418
23.20176615
23.23501065
23.20291378
23.20485996
23.27543404
23.20160184
27.19219949
23.20060767
27.9041418
26.53497038
23.25743209
27.94321475
23.24989525
23.26879398
23.2182803
23.20611102
23.21898133
26.70750219
23.96893156
23.21742444
23.20081233
23.199831
23.20273122
23.38966549
23.21649691
23.23765037
23.37028298
23.2096066
23.2051889
23.22375896
23.21463198
23.20440235
23.22762891
23.21796288
23.20465748
23.20827989
23.2040873
33.89479348
23.22003532
23.20377543
23.20242465
23.21699144
23.20180513
23.20205797
23.23359417
23.20089432
23.55150394
23.21744026
23.42494993
23.71224575
23.21945822
23.26815639
23.22918263
23.24188216
23.21691841
23.20464759
23.2355902
27.08722432
23.26357476
23.2015267
23.2327303
23.34472033
23.20308064
23.26324598
23.20155703
23.22440207
23.35512768
23.20312667
23.20181559
23.22750298
23.20158253
23.21683531
23.77399319
23.21595403
23.31979006
23.20065961
23.20302561
25.8215805
23.81570538
23.25333817
23.20075382
23.20179837
23.21673022
23.29138776
23.23294196
23.30016404
29.62650399
23.21742424
23.61172918
23.22854217
23.2031115
23.27331931
23.34502519
23.23150355
23.20103447
23.28110195
23.21606153
24.63377791
23.26717058
23.20077069
23.20174224
23.37238129
23.20069518
23.21150449
23.20148929
23.22188066
23.25340692
23.29727222
23.32854286
23.22114324
23.20260804
23.20148043
24.42301269
23.45549093
23.20302171
23.6036575
23.20051017
30.78665077
23.7395445
23.23648439
23.19925658
23.20026943
23.24632502
23.20266929
23.21711843
23.23069035
30.12732732
23.23160323
27.63002519
23.62051392
23.20156002
23.22760779
23.23456423
23.21603065
23.21704985
23.29461035
23.46761755
31.81664438
23.22993691
23.2306974
23.20259138
23.52231606
23.30697737
23.24393387
23.21691845
23.20448121
23.25387679
23.28815074
23.24837334
23.20069487
23.20103608
23.2007231
23.23124439
23.22815815
23.20298643
23.22947882
23.21491524
23.31813242
23.2179258
23.20156901
29.08679406
23.19911504
23.23637762
23.21918667
23.21659491
23.20067369
30.79466069
23.29031829
24.00042428
23.34497458
23.27042873
28.20002165
23.23542926
23.2148072
23.21574563
23.24798244
23.47251928
25.72050702
28.54467622
23.1982286
23.20020878
27.82954349
23.31918141
23.25777181
23.21620315
23.53612623
25.254865
23.21550826
23.1996125
23.37404452
23.21548773
23.19982349
23.21858079
23.21519073
23.20122897
23.20263753
23.21378873
23.32895921
23.21910907
23.29290616
29.08819327
30.75856562
23.23042026
23.20159531
23.24031336
23.2003987
29.54818541
23.29268416
23.20420592
24.02301084
23.30211969
26.52197271
23.22252315
23.21402245
23.25198706
23.19990077
23.19896891
26.12396035
23.21962395
23.50888287
23.25514585
41.1614742
23.28432307
23.34538265
23.21453641
23.21555774
24.68378728
23.21443006
23.19977453
23.20231409
23.20101639
23.2311687
23.20107879
23.21467452
23.21583688
23.20035374
23.24273783
27.37136551
23.21567238
23.21902305
29.36182462
29.90926965
23.20086727
23.19940865
23.31203818
23.21592547
28.4905046
23.21391671
23.63680445
23.27078217
23.22800879
23.61842459
23.52412668
23.25621945
23.19901434
23.21485509
23.21508959
27.31136838
23.22622315
24.59671109
23.20020932
23.75948887
23.24848325
23.27745293
23.22974777
23.22024901
23.23579906
23.21440731
23.2766324
23.21704651
23.20015333
23.25108033
23.19821183
23.23017051
23.19866253
23.19837233
23.27054417
24.68002054
23.40710097
23.20260547
28.34877358
23.5136754
23.20055068
23.23446414
23.21516523
23.21468997
28.83107729
23.24533898
23.20528523
23.22434601
23.19949213
23.23221536
23.22001549
23.20101314
23.19891086
23.1980809
23.19817031
23.27056576
23.21973216
25.84571033
23.20051249
30.11525538
23.2596982
23.21204475
23.19937452
23.33774878
23.22641107
23.21416951
23.35888446
23.30114667
23.26244358
23.1989098
53.84346621
23.19857127
23.30900714
23.21351148
23.26536679
33.41431896
23.28601311
23.20008033
27.16487878
29.86300669
23.20052074
23.25107391
23.2146217
23.44499159
23.41549508
23.29522369
23.20524289
23.49800865
23.19886184
23.23174003
23.21858208
23.20025841
23.19832216
29.7836732
23.25532744
31.00018046
23.7635102
38.97601948
23.19899846
23.71964922
23.22751011
23.21273799
23.19908402
23.24505906
23.22271864
23.21401845
23.19919655
23.46443844
23.21482601
23.19875076
25.85329306
23.19900655
23.19852263
23.22704672
23.21423654
23.28832073
23.22094209
23.40536896
30.69333321
30.27541693
23.19896467
23.20070491
23.19866805
23.2856303
23.64915523
23.19981361
27.30089014
23.28657164
23.22647112
23.2260749
23.1996127
23.1987163
23.21414461
23.50284332
23.19868916
25.2499496
23.30353917
23.42329116
23.21417554
24.92747836
23.19868623
23.22894292
23.23220059
23.2147742
24.25029646
23.23655978
23.1998564
23.20318271
23.20088409
23.19859801
25.71325815
23.19818853
23.19883659
23.19888347
23.24707865
31.61057478
23.23342089
23.21501912
30.87505648
30.19359881
23.19806006
23.20001578
23.19879961
23.200246
23.35000061
23.20012293
23.80028274
23.28226748
23.19906888
23.20083209
23.21383028
23.19790469
23.21395762
23.53169054
23.19881665
29.79467958
23.21499902
23.34945658
23.19739439
28.45648023
23.19844199
23.2295826
23.25224147
23.21425282
24.07662987
23.19778975
23.19968989
23.20749262
23.20120563
23.19808638
23.36249711
23.21407648
23.19931074
23.19876866
23.22915184
23.30362996
23.22898289
23.21455767
23.75904879
30.59995829
23.68392459
23.19838397
23.19863361
23.2168421
23.80951049
23.21636371
23.23304323
23.26545364
23.19909198
23.26357137
23.19831677
23.2133859
23.21376559
23.53267076
23.1981675
27.98710049
23.2142678
24.60718733
39.90454408
26.92084388
23.19787284
23.21366221
23.2321013
23.21318487
23.24706085
23.21375735
23.19810183
23.21680273
23.36703736
23.21376315
23.47479167
23.21385082
23.21376368
23.21386438
23.22661717
23.49559735
23.55492903
23.21383523
25.95572964
25.8714957
26.41229153
23.30968074
23.19759759
23.19968704
23.2768671
23.26604239
23.25026132
23.30498735
23.19815057
23.25523085
23.19799138
23.19745575
23.19744494
24.74249948
23.24877912
33.26718411
23.22954203
23.99600353
24.29915608
25.42423238
23.21348691
23.21359883
23.21375187
23.30822406
23.22973307
23.19788106
23.29624267
23.87725108
23.24806925
23.19773851
30.69470881
23.19816469
23.25036587
23.19844449
23.22672933
23.21819601
24.04634373
23.24426476
23.83300035
23.32398096
29.05273232
23.22963426
23.25088214
23.19875069
23.25689468
23.19962302
23.24950401
23.23397498
23.24360391
23.19859152
23.23425496
23.24416223
23.21355807
34.25837429
23.25635627
27.62775755
23.21375224
23.38686456
28.20730733
23.53293595
23.19766359
23.25130932
23.21369411
23.26987041
23.19943843
23.22928791
23.226815
23.23551941
23.30826774
23.21378656
23.2625695
23.1984107
23.1983812
23.19844097
23.23032492
23.25021739
24.21548915
23.19825545
25.24429878
30.5905033
29.24221299
23.1985094
23.19795929
23.27000187
23.23423165
23.19899507
23.32575114
23.22822188
23.23218814
23.21287448
23.19757266
23.24288421
23.19742654
23.51325871
23.19887787
29.6853646
23.23662134
23.41269657
23.47796173
30.09730499
23.2269849
23.21429102
23.21348284
23.21339556
23.20018566
23.24759342
23.19887328
23.23376243
23.19950536
23.19762354
26.50772992
23.19780289
23.19864849
23.19762007
23.19863551
23.20769028
23.29052525
23.19827944
30.57942155
32.08340476
23.88895714
23.19850021
23.1979559
23.28906217
23.99122257
23.19792798
23.22430925
23.24078051
23.22748592
23.21317087
23.21354437
23.19745024
23.19743439
23.43890079
23.24249945
24.52092477
23.21320484
27.45892685
24.47168002
23.36444249
23.24573476
23.21372499
23.2295963
23.22703235
23.19969086
23.19781072
23.24747508
23.21559247
23.19967431
23.19749175
23.23410427
23.21359395
23.22694432
23.25114158
23.19933013
23.2158525
23.23017572
23.21399392
23.68618513
23.94975068
23.42318696
23.26165302
23.25258397
23.19997625
24.8378886
23.25762897
23.25988554
23.43464238
23.19815544
23.19779122

